125,125,26230
125,125,31410
125,125,35320
125,125,38550
125,125,41330
125,125,43860
125,125,46140
125,125,48300
125,125,50290
125,125,52230
125,125,53590
125,125,55650
125,125,57050
125,125,58840
125,125,60590
126,125,18100
126,125,22640
126,125,26240
126,125,29370
126,125,32130
126,125,34740
126,125,37230
126,125,39590
126,125,41910
126,125,44150
126,125,46370
126,125,48560
126,125,50740
126,125,52820
126,125,53230
126,125,54820
126,125,56730
126,125,58800
125,126,11960
125,126,15350
125,126,18090
125,126,20510
125,126,22820
125,126,24950
125,126,26990
125,126,29010
125,126,30970
125,126,32930
125,126,34840
125,126,36740
125,126,38640
125,126,40550
125,126,42440
125,126,44350
125,126,46310
125,126,48280
125,126,50270
125,126,52270
125,126,54250
125,126,56360
125,126,57390
125,126,59460
126,126,540
126,126,1050
126,126,1570
126,126,2090
126,126,2610
126,126,3130
126,126,3650
126,126,4170
126,126,4700
126,126,5230
126,126,5760
126,126,6290
126,126,6840
126,126,7380
126,126,7940
126,126,8490
126,126,9060
126,126,9650
126,126,10240
126,126,10840
126,126,11450
126,126,12070
126,126,12700
126,126,13350
126,126,14010
126,126,14680
126,126,15380
126,126,16100
126,126,16820
126,126,17560
126,126,18320
126,126,19120
126,126,19930
126,126,20750
126,126,21610
126,126,22470
126,126,23370
126,126,24290
126,126,25260
126,126,26260
126,126,27290
126,126,28360
126,126,29480
126,126,30640
126,126,31850
126,126,33110
126,126,34420
126,126,35800
126,126,37250
126,126,38770
126,126,40360
126,126,42020
126,126,43820
126,126,45630
126,126,47630
126,126,49730
126,126,51940
126,126,53920
126,126,56390
126,126,57280
126,126,60030
