125,125,230
125,125,430
125,125,560
125,125,800
125,125,1410
125,125,2060
125,125,2780
125,125,3520
125,125,4310
125,125,5130
125,125,5980
125,125,6400
125,125,7010
125,125,7900
125,125,8760
125,125,9850
125,125,11020
125,125,12240
125,125,13530
125,125,14830
125,125,16180
125,125,16880
125,125,17950
125,125,18870
125,125,20180
125,125,21490
125,125,22790
125,125,24070
125,125,25300
125,125,26560
125,125,27790
125,125,29030
125,125,30240
125,125,31470
125,125,32730
125,125,33990
125,125,35290
125,125,36600
125,125,37690
125,125,38730
125,125,40110
125,125,41550
125,125,43030
125,125,44560
125,125,46110
125,125,47720
125,125,49410
125,125,51150
125,125,53000
125,125,54940
125,125,56940
125,125,59110
125,125,3533770
126,125,2030
126,125,3870
126,125,5330
126,125,6470
126,125,7630
126,125,8570
126,125,8690
126,125,9060
126,125,10270
126,125,11460
126,125,12610
126,125,13710
126,125,14780
126,125,15840
126,125,16450
126,125,17080
126,125,17850
126,125,18480
126,125,18690
126,125,19280
126,125,20200
126,125,21110
126,125,22060
126,125,22980
126,125,23920
126,125,24870
126,125,25850
126,125,26820
126,125,27810
126,125,28810
126,125,29830
126,125,30870
126,125,31910
126,125,33000
126,125,34090
126,125,35230
126,125,36420
126,125,37570
126,125,38340
126,125,39600
126,125,40910
126,125,42250
126,125,43650
126,125,45070
126,125,46590
126,125,48190
126,125,49830
126,125,51530
126,125,53300
126,125,55220
126,125,57230
126,125,59410
125,126,36070
125,126,40210
125,126,44260
125,126,47600
125,126,50440
125,126,53000
125,126,55320
125,126,57490
125,126,59500
126,126,18740
126,126,34400
126,126,39050
126,126,43220
126,126,46530
126,126,49360
126,126,51920
126,126,54280
126,126,56520
126,126,58600
126,126,60570
