125,125,520
125,125,1030
125,125,1540
125,125,2050
125,125,2560
125,125,3070
125,125,3580
125,125,4090
125,125,4610
125,125,5120
125,125,5640
125,125,6160
125,125,6690
125,125,7220
125,125,7750
125,125,8290
125,125,8820
125,125,9370
125,125,9910
125,125,10460
125,125,11020
125,125,11590
125,125,12160
125,125,12730
125,125,13310
125,125,13900
125,125,14470
125,125,14690
125,125,14940
125,125,15320
125,125,15970
125,125,16630
125,125,17310
125,125,17990
125,125,18690
125,125,19410
125,125,20150
125,125,20900
125,125,21670
125,125,22450
125,125,23250
125,125,24070
125,125,24910
125,125,25790
125,125,26690
125,125,27610
125,125,28570
125,125,29560
125,125,30590
125,125,31660
125,125,32740
125,125,33900
125,125,35090
125,125,36330
125,125,37450
125,125,38230
125,125,39560
125,125,40960
125,125,42440
125,125,44030
125,125,45690
125,125,47410
125,125,49310
125,125,51290
125,125,53400
125,125,54360
125,125,54580
125,125,54970
125,125,56760
125,125,59060
125,125,3389720
126,125,13200
126,125,14640
126,125,17530
126,125,20500
126,125,23010
126,125,25210
126,125,27250
126,125,29140
126,125,30940
126,125,32720
126,125,34420
126,125,36070
126,125,37530
126,125,38830
126,125,40450
126,125,42080
126,125,43680
126,125,45310
126,125,46960
126,125,48650
126,125,50370
126,125,52110
126,125,53900
126,125,54530
126,125,55510
126,125,57340
126,125,59240
125,126,24790
125,126,30450
125,126,34970
125,126,38260
125,126,41620
125,126,44630
125,126,47490
125,126,50190
125,126,52790
125,126,54460
125,126,55180
125,126,57470
125,126,59860
126,126,32380
126,126,37680
126,126,41590
126,126,44790
126,126,47600
126,126,50000
126,126,52220
126,126,54180
126,126,55310
126,126,57190
126,126,59180
