125,125,490
125,125,980
125,125,1480
125,125,2000
125,125,2530
125,125,3090
125,125,3680
125,125,4300
125,125,4940
125,125,5620
125,125,6320
125,125,7060
125,125,7680
125,125,7950
125,125,8360
125,125,9130
125,125,10070
125,125,11040
125,125,12040
125,125,13060
125,125,14150
125,125,15230
125,125,16360
125,125,17510
125,125,18710
125,125,19960
125,125,21250
125,125,21700
125,125,22730
125,125,24120
125,125,25530
125,125,26980
125,125,28460
125,125,29930
125,125,31440
125,125,33010
125,125,34630
125,125,36320
125,125,38020
125,125,39770
125,125,41560
125,125,43410
125,125,45330
125,125,47280
125,125,48650
125,125,48910
125,125,49420
125,125,51590
125,125,53830
125,125,56040
125,125,56890
125,125,58940
125,125,2919650
126,125,4640
126,125,6320
126,125,7380
126,125,7510
126,125,7610
126,125,7720
126,125,7940
126,125,9020
126,125,10300
126,125,11580
126,125,12820
126,125,14030
126,125,15240
126,125,16470
126,125,17680
126,125,18900
126,125,20130
126,125,21300
126,125,21870
126,125,23070
126,125,24410
126,125,25770
126,125,27170
126,125,28620
126,125,30140
126,125,31700
126,125,33310
126,125,34980
126,125,36690
126,125,38450
126,125,40300
126,125,42270
126,125,44330
126,125,46490
126,125,48610
126,125,50180
126,125,52740
126,125,55430
126,125,57520
126,125,60150
125,126,21370
125,126,25940
125,126,30230
125,126,33830
125,126,36900
125,126,39680
125,126,42240
125,126,44630
125,126,46890
125,126,48740
125,126,49370
125,126,51560
125,126,53600
125,126,55620
125,126,56830
125,126,58700
125,126,60600
126,126,21430
126,126,25740
126,126,30060
126,126,33630
126,126,36780
126,126,39750
126,126,42380
126,126,44920
126,126,47320
126,126,49340
126,126,51820
126,126,54310
126,126,56580
126,126,58840
