125,125,7010
125,125,9530
125,125,11500
125,125,13520
125,125,15490
125,125,17370
125,125,19220
125,125,21050
125,125,22480
125,125,24120
125,125,25740
125,125,27340
125,125,28910
125,125,30450
125,125,32000
125,125,33510
125,125,35010
125,125,36290
125,125,37470
125,125,38480
125,125,39920
125,125,40760
125,125,42060
125,125,43390
125,125,44730
125,125,45440
125,125,46300
125,125,47890
125,125,48980
125,125,50160
125,125,50530
125,125,51800
125,125,53360
125,125,55330
125,125,56850
125,125,58510
125,125,60200
126,125,860
126,125,1650
126,125,2430
126,125,3210
126,125,3990
126,125,4540
126,125,4710
126,125,4890
126,125,5070
126,125,5920
126,125,6760
126,125,7630
126,125,8500
126,125,9390
126,125,9600
126,125,9970
126,125,10830
126,125,11700
126,125,12580
126,125,13480
126,125,14370
126,125,15270
126,125,16170
126,125,17090
126,125,18030
126,125,18950
126,125,19890
126,125,20810
126,125,21750
126,125,22310
126,125,22920
126,125,23840
126,125,24770
126,125,25730
126,125,26730
126,125,27730
126,125,28780
126,125,29840
126,125,30900
126,125,32010
126,125,33160
126,125,34320
126,125,35520
126,125,36450
126,125,37460
126,125,37950
126,125,39370
126,125,40630
126,125,41940
126,125,43340
126,125,44840
126,125,45700
126,125,47410
126,125,48900
126,125,50150
126,125,50460
126,125,51070
126,125,52800
126,125,53790
126,125,55920
126,125,57190
126,125,58950
125,126,14820
125,126,23830
125,126,29900
125,126,34570
125,126,37420
125,126,40350
125,126,42090
125,126,44770
125,126,46760
125,126,49110
125,126,51510
125,126,53900
125,126,56320
125,126,57930
125,126,60090
126,126,1380
126,126,3190
126,126,5590
126,126,9430
126,126,13890
126,126,18630
126,126,23160
126,126,27310
126,126,31030
126,126,34400
126,126,36690
126,126,39560
126,126,42110
126,126,45030
126,126,47720
126,126,50340
126,126,52730
126,126,53150
126,126,55020
126,126,56460
126,126,58000
126,126,60350
