125,125,55080
125,125,58020
125,125,60190
126,125,570
126,125,1130
126,125,1680
126,125,2250
126,125,2820
126,125,3400
126,125,3980
126,125,4560
126,125,5160
126,125,5760
126,125,6360
126,125,6980
126,125,7590
126,125,8210
126,125,8840
126,125,9470
126,125,10100
126,125,10740
126,125,11380
126,125,12020
126,125,12670
126,125,13330
126,125,13980
126,125,14640
126,125,14980
126,125,15410
126,125,16060
126,125,16710
126,125,17360
126,125,18020
126,125,18680
126,125,19350
126,125,20020
126,125,20690
126,125,21370
126,125,22050
126,125,22720
126,125,23390
126,125,24070
126,125,24750
126,125,25430
126,125,26120
126,125,26810
126,125,27500
126,125,28180
126,125,28890
126,125,29580
126,125,30270
126,125,30970
126,125,31670
126,125,32360
126,125,33060
126,125,33750
126,125,34450
126,125,35160
126,125,35630
126,125,35800
126,125,36010
126,125,36400
126,125,37110
126,125,37820
126,125,38550
126,125,39290
126,125,40030
126,125,40780
126,125,41550
126,125,42320
126,125,43100
126,125,43910
126,125,44740
126,125,45560
126,125,46400
126,125,47260
126,125,48150
126,125,49070
126,125,50020
126,125,51020
126,125,52070
126,125,53180
126,125,54390
126,125,55730
126,125,57290
126,125,59160
125,126,56200
125,126,59060
126,126,9960
126,126,14130
126,126,15550
126,126,18900
126,126,21900
126,126,24780
126,126,27470
126,126,30100
126,126,32690
126,126,35190
126,126,37280
126,126,39420
126,126,41390
126,126,43190
126,126,44850
126,126,46470
126,126,48020
126,126,49500
126,126,50990
126,126,52470
126,126,53970
126,126,55620
126,126,57450
126,126,59520
