125,125,520
125,125,1210
125,125,1980
125,125,2800
125,125,3650
125,125,4540
125,125,5450
125,125,6380
125,125,7330
125,125,8290
125,125,9250
125,125,10240
125,125,11250
125,125,12270
125,125,13310
125,125,14350
125,125,15410
125,125,16460
125,125,17530
125,125,18610
125,125,19710
125,125,20820
125,125,21980
125,125,23110
125,125,24280
125,125,25480
125,125,26710
125,125,27980
125,125,29260
125,125,30600
125,125,31990
125,125,33430
125,125,34940
125,125,36530
125,125,38250
125,125,39950
125,125,41840
125,125,42320
125,125,42970
125,125,45040
125,125,47110
125,125,49270
125,125,51230
125,125,53420
125,125,55680
125,125,57920
125,125,60120
126,125,2200
126,125,3690
126,125,5030
126,125,6300
126,125,7530
126,125,8740
126,125,9920
126,125,11080
126,125,12210
126,125,13320
126,125,14420
126,125,15520
126,125,16610
126,125,17710
126,125,18790
126,125,19880
126,125,20940
126,125,22020
126,125,23080
126,125,24160
126,125,25250
126,125,26340
126,125,27440
126,125,28550
126,125,29690
126,125,30840
126,125,32000
126,125,33220
126,125,34430
126,125,35680
126,125,36980
126,125,38310
126,125,39720
126,125,41170
126,125,42250
126,125,43020
126,125,44550
126,125,46150
126,125,47810
126,125,49480
126,125,51000
126,125,52090
126,125,53790
126,125,55510
126,125,57280
126,125,58970
126,125,84420
125,126,33050
125,126,38080
125,126,41710
125,126,42810
125,126,45850
125,126,48720
125,126,51270
125,126,53950
125,126,56690
125,126,59520
126,126,32060
126,126,36630
126,126,39900
126,126,42310
126,126,44340
126,126,46610
126,126,48790
126,126,50910
126,126,52400
126,126,54500
126,126,56590
126,126,58720
126,126,9702540
