0 159 4 2
0 137 87 4
0 139 15 4
0 138 14 10
0 143 30 13
0 144 2 16
0 145 4 16
0 114 15 43.0023
0 116 15 44.889
0 159 4 59.797
0 138 7 74.8043
0 141 6 85.6799
0 141 6 85.8548
0 141 6 86.0616
0 172 37 91.8061
0 173 38 97.6308
0 149 36 105
0 148 4 139.639
0 152 10 152.444
0 149 36 169.495
0 121 24 174.12
0 121 24 174.468
0 121 24 174.924
0 152 9 188
0 136 25 201.943
0 136 24 202.203
0 136 25 202.206
0 136 25 202.381
0 136 25 202.545
0 136 24 202.571
0 137 25 202.718
0 136 25 202.735
0 136 25 202.992
0 136 25 203.341
0 136 25 203.747
0 136 25 204.2
0 137 25 204.492
0 136 25 204.768
0 137 25 205.143
0 136 25 205.288
0 137 25 205.969
0 136 25 206.349
0 137 25 206.556
0 137 25 207.228
0 137 25 207.446
0 137 25 207.652
0 137 25 207.988
0 137 24 208.305
0 136 24 208.656
0 137 24 208.677
0 137 26 208.779
0 137 24 208.855
0 137 25 208.908
0 138 25 208.932
0 137 24 208.988
0 184 28 209.054
0 137 24 209.107
0 136 24 209.154
0 137 24 209.227
0 138 26 209.35
0 137 24 209.358
0 137 24 209.524
0 137 25 209.557
0 137 23 209.658
0 137 24 209.839
0 145 2 210.525
0 144 30 212.249
0 144 27 212.273
0 144 28 212.3
0 144 28 212.408
0 144 30 212.448
0 153 30 212.459
0 144 28 212.472
0 144 28 212.519
0 144 30 212.538
0 144 28 212.558
0 144 29 212.562
0 144 28 212.591
0 144 30 212.601
0 144 28 212.619
0 144 28 212.645
0 144 30 212.652
0 144 28 212.669
0 144 28 212.69
0 144 30 212.696
0 144 27 212.699
0 144 28 212.71
0 143 30 212.72
0 144 28 212.729
0 144 30 212.734
0 144 29 212.738
0 144 28 212.747
0 144 28 212.764
0 144 30 212.768
0 144 28 212.78
0 144 28 212.796
0 144 30 212.799
0 144 28 212.811
0 145 28 212.816
0 144 28 212.826
0 144 30 212.829
0 144 28 212.84
0 144 27 212.841
0 144 28 212.854
0 144 29 212.855
0 144 30 212.856
0 144 28 212.868
0 144 28 212.881
0 144 30 212.883
0 144 28 212.894
0 144 28 212.906
0 144 30 212.909
0 143 30 212.911
0 144 28 212.918
0 144 28 212.931
0 144 30 212.934
0 144 28 212.942
0 144 27 212.946
0 144 29 212.951
0 144 28 212.954
0 144 30 212.959
0 144 28 212.966
0 144 28 212.977
0 144 30 212.982
0 144 28 212.989
0 144 28 213
0 144 30 213.007
0 144 28 213.011
0 144 28 213.023
0 144 30 213.03
0 144 28 213.034
0 144 27 213.036
0 144 29 213.04
0 144 28 213.044
0 144 30 213.053
0 144 28 213.056
0 143 30 213.066
0 144 28 213.067
0 144 30 213.076
0 144 28 213.078
0 144 28 213.089
0 144 28 213.1
0 144 30 213.1
0 144 28 213.111
0 144 27 213.119
0 144 28 213.122
0 144 30 213.124
0 144 29 213.132
0 144 28 213.133
0 144 28 213.145
0 144 30 213.15
0 144 28 213.156
0 144 28 213.167
0 144 30 213.176
0 144 28 213.178
0 145 7 213.18
0 144 28 213.19
0 144 27 213.2
0 144 28 213.202
0 144 30 213.203
0 144 28 213.214
0 144 28 213.226
0 144 30 213.23
0 144 29 213.232
0 143 30 213.234
0 144 28 213.238
0 144 28 213.251
0 144 30 213.26
0 144 28 213.264
0 144 28 213.277
0 144 27 213.288
0 144 28 213.29
0 144 30 213.291
0 144 28 213.304
0 144 28 213.318
0 144 30 213.325
0 144 28 213.332
0 144 28 213.347
0 144 31 213.352
0 144 29 213.358
0 144 30 213.362
0 144 28 213.363
0 144 28 213.379
0 144 27 213.386
0 144 28 213.396
0 144 30 213.403
0 144 28 213.414
0 144 28 213.433
0 144 30 213.452
0 144 28 213.453
0 144 28 213.474
0 143 30 213.497
0 144 28 213.497
0 144 27 213.508
0 144 30 213.514
0 144 28 213.522
0 144 28 213.55
0 144 29 213.564
0 144 28 213.581
0 144 30 213.601
0 144 28 213.617
0 144 28 213.662
0 144 28 213.72
0 144 27 213.727
0 144 30 213.769
0 144 28 213.806
0 144 28 214.016
0 153 29 215
0 139 24 220.753
0 137 17 221.171
0 137 17 221.825
0 140 11 267.801
0 140 12 268.362
0 152 29 598
0 138 12 699
0 132 86 917
0 139 12 1023
0 140 24 1106
0 149 35 1196
0 138 6 1302
0 144 3 1408
0 147 26 1840
0 136 23 2294
0 114 32 2757
0 150 36 2979
