0 138 14 0
0 143 30 0
0 144 2 0
0 145 2 0
0 159 4 0
0 139 15 1
0 137 87 3
0 138 12 3
0 145 4 4
0 147 26 6
0 154 29 10
0 173 38 12
0 172 37 13
0 113 32 14
0 152 10 16
0 149 36 18
0 137 24 20
0 139 12 20
0 132 86 22.7645
0 132 87 22.7746
0 137 87 24.1815
0 137 87 24.3301
0 171 38 31
0 116 14 32
0 175 38 32
0 152 29 36
0 145 29 42
0 114 15 42.8665
0 145 28 43
0 114 15 43.0551
0 114 15 43.1346
0 114 15 43.1992
0 114 15 43.2674
0 114 15 43.3678
0 116 15 44.793
0 116 15 44.9056
0 116 15 44.9746
0 116 15 45.0445
0 116 15 45.1185
0 116 15 45.2555
0 184 28 50
0 149 35 51
0 159 4 59.5164
0 159 4 59.5993
0 159 4 59.6552
0 159 4 59.702
0 159 4 59.7483
0 159 4 59.794
0 159 4 59.8393
0 159 4 59.8909
0 159 4 59.9602
0 159 4 60.0839
0 140 11 70
0 138 7 74.6409
0 138 6 74.924
0 138 7 74.9262
0 138 7 75.0409
0 138 6 75.0841
0 138 7 75.1383
0 138 6 75.244
0 138 7 75.2561
0 137 15 81
0 152 9 84
0 141 6 85.4366
0 141 6 85.5332
0 141 6 85.5941
0 141 6 85.6381
0 141 6 85.6759
0 141 6 85.7082
0 141 6 85.7399
0 141 6 85.769
0 141 6 85.7966
0 141 6 85.8241
0 141 6 85.8513
0 141 6 85.8792
0 141 6 85.9073
0 141 6 85.9391
0 141 6 85.973
0 141 6 86.0114
0 141 6 86.0555
0 141 6 86.1104
0 141 6 86.1959
0 148 4 89
0 171 37 91.3506
0 171 37 91.6014
0 175 39 92.1156
0 115 32 94
0 173 37 97.4072
0 172 38 105
0 129 91 112
0 28 137 113
0 28 136 119
0 132 87 123
0 148 3 125
0 136 12 128
0 145 7 135
0 146 6 138
0 136 24 139
0 148 4 139.466
0 148 4 139.609
0 148 4 139.742
0 148 4 139.872
0 148 4 140.056
0 172 37 147
0 138 26 150
0 150 26 151.807
0 152 10 152.642
0 153 10 152.866
0 152 10 153.037
0 149 36 168.967
0 149 36 169.157
0 149 36 169.258
0 149 36 169.341
0 149 36 169.413
0 149 36 169.479
0 149 36 169.549
0 149 36 169.618
0 149 36 169.697
0 149 36 169.799
0 149 36 169.963
0 141 6 172
0 121 24 173.817
0 121 24 174.018
0 121 24 174.12
0 121 24 174.192
0 121 23 174.194
0 121 24 174.254
0 121 24 174.314
0 121 24 174.365
0 121 23 174.397
0 121 24 174.417
0 121 24 174.467
0 121 24 174.518
0 121 24 174.575
0 121 23 174.592
0 121 24 174.634
0 121 24 174.702
0 121 24 174.79
0 121 24 174.922
0 121 23 174.941
0 145 4 175
0 114 33 186
0 150 28 193
0 136 25 201.652
0 136 25 201.821
0 136 25 201.91
0 136 24 201.944
0 136 25 201.977
0 136 25 202.029
0 136 24 202.047
0 136 25 202.074
0 137 25 202.078
0 136 25 202.117
0 136 24 202.127
0 136 25 202.155
0 136 25 202.191
0 136 24 202.198
0 136 25 202.226
0 136 25 202.257
0 136 24 202.262
0 136 25 202.286
0 136 25 202.314
0 136 24 202.323
0 136 25 202.342
0 136 25 202.37
0 136 24 202.378
0 136 25 202.396
0 136 25 202.424
0 136 24 202.439
0 136 25 202.451
0 136 25 202.477
0 137 25 202.494
0 136 24 202.501
0 136 25 202.505
0 136 25 202.532
0 136 25 202.561
0 136 24 202.565
0 136 25 202.593
0 136 25 202.625
0 136 24 202.642
0 136 25 202.655
0 136 25 202.686
0 136 25 202.72
0 136 24 202.736
0 136 25 202.756
0 136 25 202.794
0 137 25 202.822
0 136 25 202.834
0 136 24 202.877
0 136 25 202.878
0 136 25 202.922
0 136 25 202.969
0 136 25 203.021
0 136 25 203.077
0 136 25 203.132
0 137 25 203.168
0 136 25 203.192
0 136 25 203.252
0 136 25 203.313
0 136 25 203.376
0 136 25 203.439
0 136 25 203.504
0 137 25 203.511
0 136 25 203.57
0 136 25 203.642
0 136 24 203.652
0 136 25 203.716
0 136 25 203.788
0 137 25 203.827
0 136 25 203.863
0 136 25 203.932
0 136 25 204.009
0 136 25 204.083
0 137 25 204.106
0 136 25 204.165
0 136 25 204.249
0 136 25 204.338
0 137 25 204.349
0 136 25 204.438
0 137 25 204.542
0 136 25 204.547
0 136 25 204.645
0 137 25 204.674
0 136 25 204.733
0 137 25 204.786
0 136 25 204.814
0 137 25 204.884
0 136 25 204.893
0 136 25 204.967
0 137 25 204.971
0 136 25 205.046
0 137 25 205.069
0 136 25 205.136
0 137 25 205.179
0 136 25 205.236
0 137 25 205.319
0 136 25 205.381
0 137 25 205.515
0 136 25 205.599
0 137 25 205.689
0 137 25 205.813
0 136 25 205.816
0 137 25 205.911
0 136 25 205.985
0 137 25 205.995
0 137 25 206.074
0 136 25 206.129
0 137 25 206.149
0 137 25 206.232
0 136 25 206.273
0 137 25 206.326
0 137 25 206.443
0 136 25 206.484
0 136 26 206.526
0 137 25 206.632
0 137 25 206.873
0 137 25 207.001
0 137 25 207.083
0 136 25 207.089
0 137 25 207.144
0 137 26 207.178
0 137 25 207.196
0 137 25 207.241
0 137 25 207.282
0 137 25 207.319
0 137 25 207.355
0 137 25 207.39
0 136 25 207.395
0 137 25 207.423
0 137 25 207.456
0 137 25 207.488
0 137 25 207.522
0 137 25 207.557
0 137 25 207.59
0 137 25 207.625
0 136 25 207.648
0 137 25 207.662
0 137 25 207.7
0 137 25 207.744
0 137 25 207.793
0 137 25 207.851
0 137 25 207.923
0 137 25 208.028
0 137 24 208.206
0 137 25 208.208
0 136 25 208.257
0 137 24 208.377
0 137 25 208.467
0 137 24 208.467
0 136 24 208.489
0 138 25 208.515
0 137 24 208.528
0 137 24 208.581
0 137 24 208.624
0 137 25 208.633
0 136 24 208.648
0 137 24 208.661
0 137 24 208.698
0 137 23 208.723
0 137 24 208.732
0 137 25 208.746
0 136 24 208.757
0 137 24 208.763
0 137 26 208.764
0 137 24 208.791
0 137 24 208.819
0 138 25 208.842
0 137 24 208.844
0 137 25 208.846
0 136 24 208.849
0 137 24 208.868
0 137 24 208.891
0 137 24 208.913
0 136 24 208.927
0 137 25 208.933
0 137 24 208.935
0 137 24 208.957
0 137 23 208.973
0 137 24 208.978
0 137 24 208.999
0 136 24 209
0 141 5 209
0 138 25 209.013
0 137 24 209.019
0 137 25 209.021
0 137 24 209.039
0 136 23 209.054
0 137 24 209.059
0 136 24 209.072
0 137 24 209.079
0 137 24 209.098
0 184 28 209.098
0 137 25 209.103
0 137 26 209.113
0 137 24 209.118
0 137 24 209.137
0 136 24 209.149
0 138 26 209.156
0 137 24 209.157
0 137 23 209.162
0 138 25 209.167
0 137 24 209.177
0 137 25 209.187
0 137 24 209.197
0 137 24 209.218
0 136 24 209.229
0 137 24 209.238
0 137 24 209.259
0 137 24 209.281
0 137 25 209.287
0 137 24 209.303
0 136 24 209.322
0 137 24 209.326
0 138 25 209.34
0 137 24 209.348
0 137 23 209.362
0 137 24 209.371
0 137 24 209.397
0 137 25 209.417
0 137 24 209.422
0 136 24 209.43
0 137 24 209.45
0 137 24 209.477
0 137 24 209.509
0 137 26 209.518
0 137 24 209.541
0 137 24 209.578
0 138 25 209.583
0 136 24 209.592
0 137 24 209.62
0 137 25 209.651
0 137 23 209.664
0 137 24 209.667
0 137 24 209.723
0 137 24 209.796
0 137 24 209.908
0 137 24 210.269
0 145 2 210.758
0 145 2 210.955
0 144 27 211
0 145 2 211.218
0 144 2 211.465
0 144 30 211.996
0 144 28 212.018
0 144 28 212.151
0 153 30 212.185
0 144 30 212.208
0 144 28 212.213
0 144 28 212.254
0 143 30 212.273
0 144 30 212.278
0 144 28 212.286
0 144 28 212.313
0 144 30 212.325
0 144 28 212.335
0 144 29 212.342
0 144 28 212.354
0 144 30 212.36
0 144 28 212.371
0 144 28 212.387
0 144 30 212.389
0 144 27 212.395
0 144 28 212.401
0 144 28 212.414
0 144 30 212.415
0 144 28 212.426
0 144 30 212.437
0 144 28 212.437
0 144 29 212.438
0 144 28 212.447
0 144 30 212.456
0 144 28 212.457
0 143 30 212.465
0 144 28 212.467
0 144 30 212.473
0 144 28 212.476
0 144 28 212.485
0 144 30 212.49
0 144 28 212.493
0 144 27 212.499
0 144 28 212.5
0 144 29 212.502
0 144 30 212.505
0 144 28 212.508
0 144 28 212.515
0 144 30 212.518
0 144 28 212.522
0 144 28 212.529
0 144 30 212.532
0 144 28 212.536
0 144 28 212.542
0 144 30 212.544
0 144 29 212.548
0 144 28 212.549
0 144 28 212.554
0 144 30 212.555
0 143 30 212.558
0 144 28 212.56
0 144 27 212.563
0 144 30 212.566
0 144 28 212.566
0 144 28 212.572
0 144 30 212.576
0 144 28 212.577
0 144 28 212.583
0 144 30 212.586
0 144 28 212.588
0 144 29 212.589
0 144 28 212.593
0 144 30 212.596
0 144 28 212.598
0 144 28 212.603
0 144 30 212.605
0 144 28 212.608
0 144 27 212.61
0 144 28 212.612
0 144 30 212.615
0 144 28 212.617
0 144 28 212.621
0 143 30 212.622
0 144 30 212.623
0 144 29 212.624
0 144 28 212.626
0 144 28 212.63
0 144 30 212.631
0 144 28 212.635
0 144 28 212.639
0 144 30 212.639
0 144 28 212.643
0 144 28 212.647
0 144 30 212.647
0 144 28 212.651
0 144 27 212.653
0 144 29 212.654
0 144 30 212.655
0 144 28 212.655
0 144 28 212.659
0 144 30 212.663
0 144 28 212.663
0 144 28 212.667
0 144 28 212.671
0 144 30 212.671
0 143 30 212.672
0 145 28 212.672
0 144 28 212.674
0 144 30 212.678
0 144 28 212.678
0 144 28 212.681
0 144 29 212.682
0 144 28 212.685
0 144 30 212.685
0 153 29 212.685
0 144 27 212.686
0 144 31 212.688
0 144 28 212.688
0 144 28 212.692
0 144 30 212.692
0 144 28 212.695
0 144 28 212.699
0 144 30 212.699
0 144 28 212.702
0 144 28 212.705
0 144 30 212.705
0 144 29 212.707
0 144 28 212.708
0 144 28 212.712
0 144 30 212.712
0 144 28 212.715
0 143 30 212.716
0 144 27 212.717
0 144 28 212.718
0 144 30 212.718
0 144 28 212.721
0 144 28 212.724
0 144 30 212.725
0 144 28 212.727
0 144 29 212.73
0 144 28 212.731
0 144 30 212.731
0 144 28 212.734
0 144 30 212.736
0 144 28 212.737
0 144 28 212.74
0 144 30 212.742
0 144 28 212.742
0 144 27 212.743
0 144 28 212.745
0 144 30 212.748
0 144 28 212.748
0 153 30 212.749
0 144 28 212.751
0 143 30 212.753
0 144 29 212.753
0 144 30 212.753
0 144 28 212.754
0 144 28 212.757
0 144 30 212.759
0 144 28 212.759
0 143 31 212.762
0 144 28 212.762
0 144 30 212.765
0 144 28 212.765
0 144 28 212.768
0 144 27 212.768
0 144 30 212.77
0 144 28 212.771
0 144 29 212.773
0 144 28 212.773
0 144 30 212.776
0 144 28 212.776
0 144 28 212.779
0 144 30 212.781
0 144 28 212.782
0 144 28 212.784
0 144 30 212.786
0 144 28 212.787
0 143 30 212.787
0 144 28 212.79
0 144 30 212.791
0 144 27 212.792
0 144 28 212.792
0 144 28 212.795
0 144 29 212.795
0 144 30 212.796
0 144 28 212.797
0 144 28 212.8
0 144 30 212.802
0 144 28 212.802
0 144 28 212.805
0 144 30 212.807
0 144 28 212.807
0 144 28 212.81
0 144 30 212.811
0 144 28 212.812
0 144 27 212.813
0 144 29 212.815
0 144 28 212.815
0 144 30 212.817
0 144 28 212.817
0 143 30 212.819
0 144 28 212.82
0 144 30 212.821
0 144 28 212.822
0 144 28 212.825
0 144 30 212.826
0 144 28 212.827
0 144 28 212.829
0 144 30 212.831
0 144 28 212.832
0 144 27 212.833
0 144 29 212.833
0 144 28 212.834
0 144 30 212.836
0 144 28 212.837
0 144 28 212.839
0 144 30 212.84
0 144 28 212.841
0 144 28 212.844
0 144 30 212.845
0 144 28 212.846
0 144 28 212.848
0 143 30 212.849
0 144 30 212.85
0 144 29 212.85
0 144 28 212.851
0 144 27 212.853
0 144 28 212.853
0 144 30 212.854
0 144 28 212.855
0 144 28 212.858
0 145 28 212.858
0 144 30 212.859
0 144 28 212.86
0 144 28 212.862
0 144 30 212.863
0 144 28 212.864
0 144 29 212.866
0 144 28 212.866
0 144 30 212.868
0 144 28 212.869
0 144 28 212.871
0 144 27 212.872
0 144 30 212.872
0 144 28 212.873
0 153 29 212.875
0 144 28 212.875
0 144 30 212.877
0 144 28 212.877
0 143 30 212.879
0 144 28 212.88
0 144 30 212.881
0 144 29 212.881
0 144 28 212.882
0 144 28 212.884
0 144 30 212.886
0 144 28 212.886
0 144 28 212.888
0 144 27 212.889
0 144 30 212.89
0 144 28 212.89
0 144 28 212.892
0 144 30 212.894
0 144 28 212.895
0 144 31 212.895
0 144 28 212.897
0 144 29 212.898
0 144 30 212.898
0 144 28 212.899
0 144 28 212.901
0 144 30 212.902
0 144 28 212.903
0 144 28 212.905
0 144 30 212.907
0 144 27 212.907
0 144 28 212.907
0 143 30 212.908
0 144 28 212.909
0 144 30 212.911
0 144 28 212.911
0 144 28 212.913
0 144 29 212.914
0 144 30 212.915
0 144 28 212.915
0 144 28 212.917
0 144 28 212.919
0 144 30 212.92
0 144 28 212.921
0 144 27 212.923
0 144 28 212.923
0 144 30 212.924
0 144 28 212.926
0 144 28 212.928
0 144 30 212.928
0 144 28 212.93
0 144 29 212.93
0 144 28 212.932
0 144 30 212.932
0 144 28 212.934
0 144 28 212.936
0 144 30 212.936
0 143 30 212.936
0 144 28 212.937
0 144 27 212.939
0 144 28 212.939
0 144 30 212.94
0 144 28 212.941
0 144 28 212.943
0 144 30 212.944
0 144 28 212.945
0 144 29 212.946
0 144 28 212.947
0 144 30 212.949
0 144 28 212.949
0 144 28 212.951
0 144 30 212.953
0 144 28 212.953
0 144 27 212.955
0 144 28 212.955
0 144 30 212.957
0 144 28 212.957
0 144 28 212.959
0 143 30 212.961
0 144 30 212.961
0 144 28 212.961
0 144 29 212.962
0 144 28 212.963
0 144 30 212.965
0 144 28 212.965
0 144 28 212.967
0 144 30 212.969
0 144 28 212.969
0 144 28 212.971
0 144 27 212.971
0 144 30 212.972
0 144 28 212.973
0 144 28 212.974
0 144 28 212.976
0 144 30 212.976
0 144 29 212.977
0 144 28 212.978
0 144 28 212.98
0 144 30 212.98
0 144 28 212.982
0 144 28 212.984
0 144 30 212.984
0 143 30 212.986
0 144 28 212.986
0 144 27 212.986
0 144 28 212.988
0 144 30 212.988
0 144 28 212.99
0 144 29 212.991
0 144 28 212.992
0 144 30 212.992
0 144 28 212.993
0 144 28 212.995
0 144 30 212.996
0 144 28 212.997
0 145 28 212.998
0 144 28 212.999
0 136 24 213
0 144 30 213
0 144 28 213.001
0 144 27 213.001
0 144 28 213.003
0 144 30 213.004
0 144 29 213.005
0 144 28 213.005
0 144 28 213.007
0 144 30 213.008
0 144 28 213.008
0 144 28 213.01
0 144 28 213.012
0 144 30 213.012
0 143 30 213.012
0 144 28 213.014
0 144 27 213.016
0 144 28 213.016
0 144 30 213.016
0 144 28 213.018
0 144 28 213.02
0 144 30 213.02
0 144 29 213.02
0 144 28 213.022
0 144 28 213.024
0 144 30 213.024
0 144 28 213.025
0 144 28 213.027
0 144 30 213.028
0 144 28 213.029
0 144 27 213.031
0 144 28 213.031
0 144 30 213.031
0 144 28 213.033
0 144 28 213.035
0 144 29 213.035
0 144 30 213.035
0 153 30 213.035
0 144 28 213.036
0 144 28 213.038
0 143 30 213.039
0 144 30 213.039
0 144 28 213.04
0 144 28 213.042
0 144 30 213.043
0 144 28 213.043
0 144 27 213.045
0 144 28 213.045
0 144 30 213.047
0 144 28 213.047
0 144 28 213.049
0 144 29 213.051
0 144 30 213.051
0 144 28 213.051
0 144 28 213.053
0 144 31 213.054
0 144 30 213.055
0 144 28 213.055
0 144 28 213.057
0 144 28 213.058
0 144 27 213.059
0 144 30 213.059
0 144 28 213.06
0 144 28 213.062
0 144 30 213.063
0 143 30 213.064
0 144 28 213.064
0 153 29 213.065
0 144 29 213.066
0 144 28 213.066
0 144 30 213.067
0 144 28 213.068
0 144 28 213.07
0 144 30 213.07
0 144 28 213.071
0 144 27 213.072
0 144 28 213.073
0 144 30 213.074
0 144 28 213.075
0 144 28 213.077
0 144 30 213.078
0 144 28 213.079
0 144 28 213.081
0 144 29 213.081
0 144 30 213.082
0 144 28 213.082
0 144 28 213.084
0 144 27 213.086
0 144 30 213.086
0 144 28 213.086
0 144 28 213.088
0 144 28 213.09
0 144 30 213.09
0 143 30 213.091
0 144 28 213.091
0 144 28 213.093
0 144 30 213.094
0 144 28 213.095
0 144 29 213.096
0 144 28 213.097
0 144 30 213.098
0 144 28 213.099
0 144 27 213.099
0 144 28 213.101
0 144 30 213.102
0 144 28 213.103
0 144 28 213.104
0 144 30 213.106
0 144 28 213.106
0 144 28 213.108
0 144 28 213.11
0 144 30 213.11
0 144 28 213.112
0 144 29 213.112
0 144 27 213.113
0 144 28 213.114
0 144 30 213.114
0 144 28 213.115
0 143 30 213.117
0 144 28 213.117
0 144 30 213.118
0 144 28 213.119
0 144 28 213.121
0 144 30 213.122
0 144 28 213.123
0 144 28 213.125
0 144 30 213.126
0 144 28 213.127
0 144 27 213.127
0 144 29 213.127
0 144 28 213.128
0 144 28 213.13
0 144 30 213.131
0 144 28 213.132
0 145 28 213.133
0 144 28 213.134
0 144 30 213.135
0 144 28 213.136
0 144 28 213.138
0 144 30 213.139
0 144 28 213.14
0 144 27 213.141
0 144 28 213.142
0 143 30 213.143
0 144 29 213.143
0 144 30 213.144
0 144 28 213.144
0 144 28 213.146
0 144 28 213.147
0 144 30 213.148
0 144 28 213.149
0 144 28 213.151
0 144 30 213.152
0 144 28 213.153
0 144 27 213.154
0 144 28 213.155
0 144 30 213.156
0 144 28 213.157
0 144 28 213.159
0 144 29 213.16
0 144 28 213.16
0 144 30 213.161
0 144 28 213.162
0 144 28 213.164
0 144 30 213.165
0 144 28 213.166
0 144 27 213.168
0 144 28 213.168
0 144 30 213.169
0 144 28 213.17
0 143 30 213.17
0 144 28 213.172
0 144 28 213.174
0 144 30 213.174
0 144 28 213.176
0 144 29 213.176
0 144 28 213.177
0 144 30 213.178
0 144 28 213.179
0 144 27 213.181
0 144 28 213.181
0 144 30 213.183
0 144 28 213.183
0 144 28 213.185
0 144 30 213.187
0 144 28 213.187
0 144 28 213.189
0 144 28 213.191
0 144 30 213.191
0 144 28 213.193
0 144 29 213.193
0 144 28 213.195
0 144 27 213.195
0 144 30 213.196
0 144 28 213.197
0 144 28 213.199
0 143 30 213.199
0 144 30 213.2
0 144 28 213.201
0 144 28 213.203
0 144 28 213.205
0 144 30 213.205
0 144 28 213.207
0 144 28 213.209
0 144 27 213.209
0 144 30 213.209
0 144 29 213.21
0 144 28 213.211
0 144 28 213.213
0 144 30 213.214
0 144 28 213.215
0 144 31 213.215
0 144 28 213.217
0 144 30 213.218
0 144 28 213.219
0 144 28 213.221
0 144 28 213.223
0 144 27 213.223
0 144 30 213.223
0 144 28 213.225
0 144 29 213.227
0 144 28 213.227
0 144 30 213.228
0 144 28 213.229
0 143 30 213.23
0 145 27 213.23
0 144 28 213.231
0 144 30 213.232
0 144 28 213.233
0 144 28 213.235
0 144 30 213.237
0 144 27 213.237
0 144 28 213.237
0 144 28 213.239
0 144 28 213.241
0 144 30 213.242
0 144 28 213.243
0 144 29 213.245
0 144 28 213.245
0 144 30 213.247
0 144 28 213.248
0 144 28 213.25
0 144 28 213.252
0 144 30 213.252
0 144 27 213.252
0 144 28 213.254
0 144 28 213.256
0 144 30 213.257
0 144 28 213.258
0 144 28 213.26
0 144 30 213.262
0 144 28 213.262
0 143 30 213.263
0 144 29 213.263
0 144 28 213.265
0 144 28 213.267
0 144 27 213.267
0 144 30 213.267
0 144 28 213.269
0 144 28 213.271
0 144 30 213.272
0 144 28 213.273
0 144 28 213.275
0 145 28 213.277
0 144 28 213.278
0 144 30 213.278
0 144 28 213.28
0 144 27 213.282
0 144 28 213.282
0 144 30 213.283
0 144 29 213.284
0 144 28 213.284
0 144 28 213.287
0 144 30 213.288
0 144 28 213.289
0 144 28 213.291
0 144 28 213.293
0 144 30 213.294
0 144 28 213.296
0 144 27 213.297
0 144 28 213.298
0 144 30 213.299
0 143 30 213.299
0 144 28 213.3
0 144 28 213.302
0 144 29 213.304
0 144 28 213.305
0 144 30 213.305
0 144 28 213.307
0 144 28 213.309
0 144 30 213.31
0 144 28 213.311
0 144 27 213.313
0 144 28 213.314
0 144 28 213.316
0 144 30 213.316
0 144 28 213.319
0 144 28 213.321
0 144 30 213.322
0 144 28 213.323
0 144 28 213.326
0 144 29 213.327
0 153 29 213.327
0 144 30 213.328
0 144 27 213.328
0 144 28 213.328
0 144 28 213.331
0 144 28 213.333
0 144 30 213.333
0 144 28 213.336
0 143 30 213.337
0 144 28 213.338
0 144 30 213.34
0 144 28 213.34
0 144 28 213.343
0 144 27 213.344
0 144 28 213.346
0 144 30 213.346
0 144 28 213.348
0 144 29 213.349
0 144 28 213.351
0 144 30 213.353
0 144 28 213.353
0 144 28 213.356
0 144 30 213.359
0 144 28 213.359
0 144 28 213.361
0 144 27 213.362
0 144 28 213.364
0 144 30 213.365
0 144 28 213.367
0 144 28 213.369
0 144 30 213.372
0 144 28 213.372
0 144 28 213.375
0 144 29 213.376
0 144 28 213.377
0 144 30 213.378
0 144 27 213.379
0 143 30 213.38
0 144 28 213.38
0 144 28 213.383
0 144 30 213.385
0 144 28 213.386
0 144 28 213.389
0 144 28 213.392
0 144 30 213.392
0 144 28 213.394
0 144 27 213.396
0 144 28 213.397
0 144 30 213.399
0 144 28 213.4
0 144 28 213.403
0 144 29 213.404
0 144 28 213.406
0 144 30 213.407
0 144 28 213.409
0 144 28 213.412
0 144 27 213.414
0 144 30 213.415
0 144 28 213.415
0 144 28 213.418
0 144 28 213.421
0 144 30 213.422
0 144 28 213.424
0 144 28 213.428
0 143 30 213.429
0 144 30 213.43
0 144 28 213.431
0 144 29 213.432
0 144 27 213.434
0 144 28 213.434
0 144 28 213.437
0 144 30 213.439
0 144 28 213.441
0 144 28 213.444
0 144 28 213.448
0 144 30 213.448
0 145 7 213.45
0 144 28 213.451
0 144 28 213.455
0 144 27 213.455
0 144 30 213.457
0 144 28 213.458
0 144 31 213.458
0 144 28 213.462
0 144 29 213.465
0 144 28 213.465
0 144 30 213.467
0 144 28 213.469
0 143 28 213.472
0 144 28 213.473
0 145 28 213.474
0 144 28 213.476
0 144 30 213.476
0 144 27 213.477
0 144 28 213.48
0 144 28 213.484
0 144 30 213.487
0 144 28 213.487
0 143 30 213.489
0 144 28 213.491
0 144 28 213.495
0 144 30 213.497
0 144 27 213.499
0 144 28 213.499
0 144 29 213.501
0 145 8 213.502
0 144 28 213.503
0 144 28 213.507
0 144 30 213.508
0 144 28 213.511
0 144 28 213.515
0 144 30 213.52
0 144 28 213.52
0 144 27 213.523
0 144 28 213.524
0 144 28 213.528
0 144 30 213.532
0 144 28 213.533
0 144 28 213.538
0 144 28 213.542
0 144 30 213.545
0 144 29 213.547
0 144 28 213.547
0 144 27 213.548
0 144 28 213.552
0 144 28 213.557
0 144 30 213.559
0 144 28 213.563
0 144 28 213.567
0 143 30 213.568
0 144 28 213.573
0 144 30 213.576
0 144 27 213.578
0 144 28 213.578
0 144 28 213.584
0 144 28 213.589
0 144 30 213.592
0 144 28 213.595
0 144 28 213.601
0 144 29 213.605
0 144 28 213.607
0 144 30 213.61
0 144 27 213.611
0 144 28 213.613
0 144 28 213.62
0 144 28 213.627
0 144 30 213.63
0 144 28 213.635
0 144 28 213.642
0 144 28 213.65
0 144 30 213.652
0 153 30 213.652
0 144 27 213.652
0 144 28 213.658
0 144 28 213.666
0 144 28 213.675
0 144 30 213.677
0 144 28 213.684
0 144 28 213.693
0 144 29 213.697
0 144 27 213.701
0 144 28 213.704
0 144 30 213.707
0 143 30 213.708
0 144 28 213.713
0 144 28 213.725
0 144 28 213.736
0 144 30 213.745
0 144 28 213.75
0 144 28 213.763
0 144 27 213.768
0 144 28 213.779
0 144 30 213.792
0 144 28 213.796
0 144 28 213.815
0 144 28 213.836
0 144 28 213.86
0 144 30 213.868
0 144 27 213.878
0 144 28 213.889
0 144 29 213.924
0 144 28 213.927
0 145 7 213.968
0 144 28 213.978
0 148 4 214
0 144 28 214.059
0 144 30 214.198
0 135 12 214.508
0 139 24 219.982
0 139 24 220.415
0 137 17 220.811
0 137 17 221.03
0 138 17 221.127
0 137 16 221.143
0 137 17 221.157
0 137 17 221.261
0 137 17 221.356
0 137 17 221.445
0 137 17 221.539
0 137 16 221.541
0 137 17 221.65
0 137 17 221.802
0 137 17 222.549
0 138 26 225
0 171 37 253
0 140 12 267.716
0 140 11 267.741
0 140 12 268.039
0 140 12 270
0 140 11 274
0 145 27 297
0 136 23 298
0 144 27 301
0 152 29 303
0 140 24 304
0 183 28 307
0 114 34 313.617
0 114 33 313.795
0 114 34 313.987
0 114 34 314.406
0 114 33 314.491
0 113 33 314.515
0 135 11 315
0 139 13 315
0 146 7 351
0 145 2 352
0 137 87 361
0 143 30 374
0 149 27 378
0 144 3 383
0 145 28 389
0 153 29 471
0 144 28 486
0 151 26 488
0 134 12 491
0 145 7 501
0 128 91 502
0 114 32 517
0 115 33 568
0 140 23 614
0 147 4 633
0 138 6 641
0 183 27 643
0 137 5 662
0 149 36 667
0 139 12 702
0 148 4 735
0 171 38 754
0 136 23 810
0 152 29 830
0 149 35 848
0 150 36 854
0 184 27 880
0 148 3 922
0 138 12 942
0 140 24 953
0 147 3 1028
0 144 27 1083
0 144 3 1109
0 139 12 1212
0 184 28 1221
0 152 10 1360
0 139 24 1367
0 136 26 1372
0 132 86 1443
0 184 27 1609
0 138 6 1621
0 144 2 1651
0 147 27 1656
0 159 4 1676
0 138 26 1707
0 145 6 1733
0 152 9 1747
0 149 26 1818
0 115 14 1834
0 140 12 1869
0 147 26 1872
0 140 11 2106
0 137 87 2230
0 128 91 2369
0 143 29 2405
0 114 32 2409
0 145 4 2492
0 183 27 2510
0 149 5 2513
0 149 4 2693
0 140 5 2774
0 145 3 2862
0 143 29 2933
0 150 36 2968
0 138 23 3050
0 137 26 3092
0 137 24 3170
