0 159 4 2
0 137 87 3
0 139 15 3
0 138 14 4
0 145 2 4
0 145 4 6
0 143 30 8
0 144 2 8
0 132 86 22.9049
0 114 15 42.9486
0 114 15 43.2109
0 116 15 44.8406
0 116 15 45.0654
0 152 10 53
0 159 4 59.6584
0 159 4 59.797
0 159 4 59.9665
0 138 7 74.7407
0 138 7 75.152
0 138 6 75.1566
0 141 6 85.5757
0 141 6 85.6973
0 141 6 85.787
0 141 6 85.8696
0 141 6 85.9603
0 141 6 86.0888
0 147 26 87
0 149 36 87
0 152 9 90
0 172 37 91.4769
0 171 37 91.9323
0 173 38 97.1053
0 152 29 102
0 148 4 139.444
0 148 4 139.856
0 150 26 153
0 149 36 169.266
0 149 36 169.486
0 149 36 169.706
0 121 24 173.992
0 121 24 174.242
0 121 24 174.407
0 121 23 174.481
0 121 24 174.564
0 121 24 174.77
0 145 7 185
0 136 25 201.817
0 136 24 202.011
0 136 25 202.028
0 136 25 202.154
0 136 24 202.238
0 136 25 202.256
0 136 25 202.342
0 137 25 202.387
0 136 24 202.416
0 136 25 202.424
0 136 25 202.504
0 136 25 202.592
0 136 24 202.613
0 136 25 202.685
0 136 25 202.793
0 136 25 202.921
0 136 24 203.048
0 136 25 203.076
0 136 25 203.25
0 137 25 203.391
0 136 25 203.438
0 136 25 203.64
0 136 25 203.861
0 140 11 204
0 136 25 204.082
0 137 25 204.275
0 136 25 204.336
0 136 25 204.643
0 137 25 204.753
0 136 25 204.891
0 137 25 205.037
0 136 25 205.133
0 137 25 205.445
0 136 25 205.593
0 137 25 205.879
0 171 38 206
0 137 25 206.126
0 136 25 206.126
0 137 25 206.405
0 137 25 206.966
0 136 25 207.073
0 137 25 207.181
0 137 25 207.307
0 137 25 207.412
0 137 25 207.511
0 137 25 207.613
0 137 25 207.73
0 137 26 207.887
0 137 25 207.896
0 137 24 208
0 136 25 208.177
0 137 25 208.397
0 137 24 208.506
0 137 24 208.646
0 136 24 208.719
0 184 28 208.727
0 138 25 208.741
0 137 24 208.75
0 137 25 208.817
0 137 24 208.834
0 137 24 208.904
0 138 26 208.924
0 137 24 208.97
0 136 24 208.973
0 137 24 209.031
0 137 25 209.076
0 137 23 209.089
0 137 24 209.09
0 137 24 209.149
0 136 24 209.196
0 137 24 209.21
0 138 25 209.259
0 137 24 209.272
0 137 24 209.339
0 137 25 209.37
0 137 24 209.412
0 137 24 209.496
0 136 24 209.518
0 137 24 209.602
0 137 24 209.765
0 145 2 211.232
0 144 27 212.162
0 144 30 212.163
0 144 28 212.204
0 144 28 212.308
0 153 30 212.338
0 144 30 212.348
0 144 28 212.368
0 144 28 212.412
0 144 30 212.429
0 144 28 212.446
0 144 29 212.463
0 144 28 212.475
0 144 30 212.484
0 144 28 212.499
0 144 28 212.521
0 144 30 212.527
0 144 28 212.541
0 144 28 212.559
0 144 30 212.562
0 143 30 212.562
0 144 27 212.573
0 145 28 212.573
0 144 28 212.576
0 144 30 212.592
0 144 28 212.592
0 144 29 212.601
0 144 28 212.607
0 144 30 212.62
0 144 28 212.62
0 144 28 212.634
0 144 30 212.644
0 144 28 212.646
0 144 28 212.659
0 144 30 212.668
0 144 28 212.67
0 144 28 212.681
0 144 30 212.689
0 144 29 212.69
0 144 28 212.691
0 144 27 212.691
0 144 28 212.701
0 144 30 212.709
0 144 28 212.711
0 143 30 212.718
0 144 28 212.721
0 144 30 212.728
0 144 28 212.73
0 144 28 212.739
0 144 30 212.746
0 144 28 212.748
0 144 28 212.756
0 144 29 212.76
0 144 30 212.762
0 144 28 212.765
0 144 27 212.772
0 144 28 212.773
0 144 30 212.779
0 144 28 212.781
0 144 28 212.789
0 144 30 212.794
0 144 28 212.797
0 144 28 212.804
0 144 30 212.81
0 144 28 212.812
0 144 28 212.819
0 143 30 212.82
0 144 29 212.82
0 144 30 212.824
0 144 28 212.826
0 144 28 212.834
0 144 27 212.837
0 144 30 212.839
0 144 28 212.841
0 144 28 212.848
0 144 30 212.853
0 144 28 212.855
0 144 28 212.862
0 144 30 212.866
0 144 28 212.868
0 144 29 212.872
0 144 28 212.875
0 144 30 212.88
0 144 28 212.881
0 144 28 212.888
0 144 27 212.892
0 144 30 212.892
0 144 28 212.894
0 144 28 212.9
0 144 30 212.905
0 144 28 212.907
0 143 30 212.909
0 144 28 212.913
0 144 30 212.918
0 144 28 212.919
0 144 29 212.92
0 144 28 212.925
0 144 30 212.931
0 144 28 212.931
0 144 28 212.937
0 153 29 212.941
0 144 27 212.942
0 144 30 212.943
0 144 28 212.943
0 144 28 212.949
0 144 28 212.955
0 144 30 212.955
0 144 28 212.961
0 144 28 212.966
0 144 29 212.967
0 144 30 212.967
0 144 28 212.972
0 144 31 212.973
0 144 28 212.978
0 144 30 212.979
0 144 28 212.984
0 143 30 212.987
0 144 27 212.989
0 144 28 212.989
0 144 30 212.991
0 144 28 212.995
0 144 28 213.001
0 144 30 213.003
0 144 28 213.006
0 144 29 213.009
0 144 28 213.012
0 144 30 213.015
0 144 28 213.018
0 144 28 213.023
0 144 30 213.026
0 144 28 213.029
0 144 27 213.033
0 144 28 213.034
0 144 30 213.037
0 144 28 213.039
0 144 28 213.045
0 144 30 213.049
0 144 28 213.051
0 144 29 213.056
0 144 28 213.056
0 144 30 213.061
0 144 28 213.062
0 143 30 213.065
0 144 28 213.067
0 144 30 213.073
0 144 28 213.073
0 144 27 213.074
0 144 28 213.079
0 144 28 213.084
0 144 30 213.084
0 144 28 213.089
0 145 28 213.09
0 144 28 213.095
0 144 30 213.097
0 144 28 213.1
0 144 29 213.102
0 144 28 213.106
0 144 30 213.108
0 144 28 213.111
0 144 27 213.115
0 144 28 213.117
0 144 30 213.121
0 144 28 213.123
0 144 28 213.128
0 144 30 213.134
0 144 28 213.134
0 144 28 213.139
0 143 30 213.144
0 144 28 213.145
0 144 30 213.146
0 144 29 213.149
0 144 28 213.151
0 144 27 213.156
0 144 28 213.156
0 144 30 213.159
0 144 28 213.162
0 144 28 213.168
0 144 30 213.172
0 144 28 213.173
0 144 28 213.179
0 144 28 213.185
0 144 30 213.185
0 144 28 213.191
0 144 28 213.197
0 144 27 213.197
0 144 30 213.199
0 144 29 213.199
0 144 28 213.202
0 144 28 213.208
0 144 30 213.212
0 144 28 213.214
0 144 28 213.22
0 144 30 213.226
0 144 28 213.226
0 143 30 213.232
0 144 28 213.233
0 144 28 213.239
0 144 27 213.239
0 144 30 213.24
0 143 31 213.245
0 144 28 213.245
0 144 29 213.251
0 144 28 213.251
0 144 30 213.255
0 144 28 213.258
0 144 28 213.264
0 144 30 213.27
0 144 28 213.271
0 144 28 213.277
0 144 28 213.284
0 144 27 213.284
0 144 30 213.286
0 144 28 213.291
0 144 28 213.297
0 144 30 213.303
0 144 28 213.304
0 144 28 213.311
0 144 29 213.312
0 144 28 213.318
0 144 30 213.32
0 144 28 213.325
0 144 27 213.331
0 144 28 213.333
0 144 30 213.337
0 143 30 213.339
0 144 28 213.34
0 144 28 213.348
0 144 28 213.355
0 144 30 213.356
0 144 28 213.363
0 144 28 213.372
0 144 30 213.376
0 144 28 213.38
0 144 27 213.381
0 144 29 213.385
0 144 28 213.388
0 144 30 213.397
0 144 28 213.397
0 144 28 213.406
0 144 28 213.415
0 144 30 213.419
0 144 28 213.424
0 144 28 213.434
0 144 27 213.437
0 144 28 213.444
0 144 30 213.444
0 144 28 213.454
0 144 28 213.465
0 144 30 213.473
0 144 28 213.475
0 144 29 213.476
0 144 28 213.487
0 143 30 213.492
0 144 28 213.498
0 144 27 213.502
0 144 30 213.504
0 144 28 213.511
0 144 28 213.523
0 144 28 213.537
0 144 30 213.54
0 144 28 213.551
0 144 28 213.567
0 144 28 213.583
0 144 27 213.583
0 144 30 213.585
0 144 28 213.6
0 144 28 213.619
0 144 29 213.629
0 144 28 213.641
0 144 30 213.643
0 144 28 213.665
0 144 28 213.691
0 144 27 213.711
0 144 28 213.723
0 144 30 213.729
0 144 28 213.76
0 144 28 213.811
0 145 28 213.833
0 144 31 213.846
0 144 28 213.884
0 144 30 213.961
0 144 28 214.041
0 139 24 220.216
0 137 17 221.007
0 137 17 221.344
0 138 17 221.493
0 137 17 221.634
0 137 16 221.687
0 137 15 244
0 140 12 267.937
0 136 23 293
0 114 33 313.907
0 114 34 314.118
0 149 35 331
0 144 27 353
0 137 87 361
0 140 24 430
0 143 28 448
0 137 26 461
0 143 30 519
0 139 12 521
0 116 14 530
0 134 12 542
0 144 3 551
0 138 12 569
0 148 4 588
0 28 136 663
0 114 32 667
0 149 36 813
0 145 27 964
0 145 7 1021
0 140 23 1163
0 150 36 1167
0 115 32 1204
0 136 26 1343
0 152 10 1514
0 129 91 2159
0 128 91 2390
0 151 26 2436
0 138 26 2474
0 137 24 2700
0 183 27 2828
0 147 3 3109
